Average hand positions in 3D per letter
========================================

[A]
landmark,x,y,z
0,0.000000,0.000000,0.000000
1,-0.004952,-0.314581,-0.299248
2,-0.007443,-0.907012,-0.390891
3,-0.006718,-1.522162,-0.466992
4,-0.004547,-2.010224,-0.498238
5,-0.001515,-1.463374,-0.081536
6,-0.000921,-1.890244,-0.436488
7,-0.001523,-1.407375,-0.624274
8,-0.001718,-1.005496,-0.673005
9,0.002305,-1.452805,-0.034204
10,0.002810,-1.853690,-0.454831
11,0.001756,-1.242700,-0.570747
12,0.000574,-0.817424,-0.525752
13,0.005667,-1.381671,-0.050924
14,0.006021,-1.695679,-0.469427
15,0.004319,-1.103790,-0.426398
16,0.003090,-0.716245,-0.259359
17,0.008812,-1.256785,-0.089488
18,0.009266,-1.542497,-0.365297
19,0.007315,-1.140342,-0.317855
20,0.006225,-0.858975,-0.187428

[B]
landmark,x,y,z
0,0.000000,0.000000,0.000000
1,0.003228,-0.089558,-0.116460
2,0.004943,-0.281020,-0.142723
3,0.002041,-0.412245,-0.151515
4,-0.001313,-0.438760,-0.157064
5,0.005441,-0.474422,-0.063712
6,0.005444,-0.680931,-0.102936
7,0.004636,-0.811978,-0.144159
8,0.004388,-0.923083,-0.177566
9,0.002293,-0.490792,-0.041121
10,0.002308,-0.708240,-0.072675
11,0.002137,-0.857547,-0.119357
12,0.001963,-0.981724,-0.154227
13,-0.000239,-0.466765,-0.032836
14,-0.000202,-0.673222,-0.070198
15,-0.000463,-0.806913,-0.123049
16,-0.000335,-0.920608,-0.158380
17,-0.002755,-0.411603,-0.035566
18,-0.002860,-0.570979,-0.072074
19,-0.002847,-0.675826,-0.100028
20,-0.002749,-0.769747,-0.120268

[C]
landmark,x,y,z
0,0.000000,0.000000,0.000000
1,0.005558,0.068648,-0.322620
2,0.011286,0.035416,-0.477095
3,0.016508,-0.011641,-0.552554
4,0.021608,-0.083505,-0.608380
5,0.005088,-0.368939,-0.459561
6,0.008752,-0.609765,-0.554457
7,0.014404,-0.652222,-0.580910
8,0.018530,-0.625692,-0.576551
9,0.004396,-0.435633,-0.292383
10,0.008174,-0.694968,-0.392678
11,0.014220,-0.715810,-0.415437
12,0.018305,-0.645357,-0.410455
13,0.004322,-0.462062,-0.130720
14,0.007676,-0.669870,-0.214032
15,0.012677,-0.685629,-0.256079
16,0.016202,-0.641114,-0.265624
17,0.004832,-0.467459,0.013194
18,0.008390,-0.610958,-0.045364
19,0.012004,-0.634169,-0.082356
20,0.014701,-0.615897,-0.094221

[D]
landmark,x,y,z
0,0.000000,0.000000,0.000000
1,0.011321,-0.192128,-0.281225
2,0.016413,-0.539514,-0.384339
3,0.005988,-0.770695,-0.459700
4,-0.005395,-0.851856,-0.529689
5,0.011169,-1.088479,-0.173260
6,0.012588,-1.575541,-0.313636
7,0.011479,-1.868477,-0.415369
8,0.010769,-2.124920,-0.493049
9,-0.000218,-1.071380,-0.127217
10,-0.005619,-1.419111,-0.385171
11,-0.008046,-1.095658,-0.494172
12,-0.006289,-0.844170,-0.498635
13,-0.009047,-0.991956,-0.109023
14,-0.015354,-1.276877,-0.373548
15,-0.015388,-0.974705,-0.408981
16,-0.012269,-0.738823,-0.352653
17,-0.016480,-0.854301,-0.111462
18,-0.022255,-1.072489,-0.306906
19,-0.020626,-0.888357,-0.314815
20,-0.016833,-0.705373,-0.265346

[E]
landmark,x,y,z
0,0.000000,0.000000,0.000000
1,0.010483,-0.256144,-0.186456
2,0.014518,-0.676922,-0.234450
3,0.004428,-0.921227,-0.270878
4,-0.005380,-0.868418,-0.271769
5,0.010821,-1.108309,-0.011166
6,0.006472,-1.490461,-0.180065
7,0.005044,-1.177196,-0.287039
8,0.006803,-0.995884,-0.338283
9,0.001548,-1.107276,0.011624
10,-0.001940,-1.535331,-0.166317
11,-0.002882,-1.164919,-0.236496
12,-0.000674,-0.966525,-0.233041
13,-0.006143,-1.055091,-0.002800
14,-0.010532,-1.470348,-0.171723
15,-0.010226,-1.135132,-0.172029
16,-0.007107,-0.908511,-0.115343
17,-0.013110,-0.947194,-0.035715
18,-0.016426,-1.243526,-0.129020
19,-0.015044,-1.044658,-0.103667
20,-0.011999,-0.854540,-0.052750

[F]
landmark,x,y,z
0,0.000000,0.000000,0.000000
1,-0.002225,-0.087807,-0.065745
2,-0.003698,-0.212748,-0.124089
3,-0.005045,-0.312043,-0.185501
4,-0.004837,-0.403214,-0.240090
5,-0.001429,-0.469535,-0.043233
6,-0.002915,-0.596256,-0.160422
7,-0.003774,-0.548372,-0.254995
8,-0.004332,-0.469323,-0.302754
9,0.000198,-0.504706,-0.061557
10,-0.000662,-0.703852,-0.136013
11,-0.000931,-0.835182,-0.191183
12,-0.001225,-0.948755,-0.226569
13,0.001345,-0.483023,-0.098898
14,0.001860,-0.686465,-0.172178
15,0.002332,-0.824737,-0.219232
16,0.002309,-0.943614,-0.244871
17,0.002558,-0.408256,-0.142999
18,0.003326,-0.548458,-0.195246
19,0.003861,-0.653366,-0.213054
20,0.004008,-0.752856,-0.220571

[G]
landmark,x,y,z
0,0.000000,0.000000,0.000000
1,-0.015501,0.022181,-0.443363
2,-0.034108,-0.161762,-0.491593
3,-0.049112,-0.290065,-0.411620
4,-0.062455,-0.360098,-0.295061
5,-0.027553,-0.800539,-0.338855
6,-0.050845,-0.806046,-0.346218
7,-0.064203,-0.748496,-0.343994
8,-0.074271,-0.736075,-0.339558
9,-0.024845,-0.834498,-0.062526
10,-0.044130,-0.651463,-0.117122
11,-0.041183,-0.391857,-0.127919
12,-0.035391,-0.306320,-0.105144
13,-0.023986,-0.783948,0.187429
14,-0.040712,-0.598847,0.095290
15,-0.037289,-0.369459,0.030976
16,-0.032311,-0.328080,0.025657
17,-0.024109,-0.744126,0.412277
18,-0.035291,-0.581804,0.326833
19,-0.033471,-0.397718,0.268998
20,-0.028585,-0.336007,0.259281

[H]
landmark,x,y,z
0,0.000000,0.000000,0.000000
1,-0.001158,-0.185745,-0.134166
2,-0.005451,-0.332990,-0.131879
3,-0.009766,-0.332374,-0.107431
4,-0.012026,-0.262726,-0.071481
5,-0.008156,-0.429991,-0.023406
6,-0.013423,-0.480453,-0.071491
7,-0.017033,-0.488903,-0.105846
8,-0.019962,-0.501206,-0.126737
9,-0.009433,-0.309244,0.006695
10,-0.015073,-0.359918,-0.058508
11,-0.018658,-0.380339,-0.108531
12,-0.021957,-0.396420,-0.126839
13,-0.009440,-0.184563,0.015182
14,-0.013660,-0.126001,-0.135145
15,-0.009205,-0.089621,-0.188223
16,-0.006066,-0.097258,-0.172278
17,-0.008971,-0.057001,0.016986
18,-0.010934,-0.013987,-0.130632
19,-0.007485,-0.000977,-0.169976
20,-0.004782,-0.021230,-0.163067

[I]
landmark,x,y,z
0,0.000000,0.000000,0.000000
1,0.002226,-0.241812,-0.236342
2,0.002000,-0.686824,-0.320287
3,-0.003094,-0.974641,-0.394874
4,-0.006326,-1.004399,-0.417031
5,0.006959,-1.121036,-0.055039
6,0.002718,-1.488177,-0.267702
7,0.001482,-1.168008,-0.373376
8,0.002911,-0.985225,-0.401406
9,0.003980,-1.126930,-0.019638
10,-0.000190,-1.486552,-0.294250
11,-0.001123,-1.113288,-0.397798
12,0.000011,-0.915607,-0.387395
13,0.000799,-1.097474,-0.030526
14,-0.002247,-1.462929,-0.269050
15,-0.003600,-1.181939,-0.304647
16,-0.002551,-0.973743,-0.244850
17,-0.001375,-1.047014,-0.062158
18,-0.001791,-1.442148,-0.156556
19,-0.003261,-1.675980,-0.186527
20,-0.003812,-1.901234,-0.177911

[J]
landmark,x,y,z
0,0.000000,0.000000,0.000000
1,-0.007627,-0.370094,-0.202015
2,-0.003086,-0.810503,-0.319559
3,0.010202,-0.870630,-0.431044
4,0.021363,-0.631561,-0.499925
5,0.019267,-1.115217,-0.164619
6,0.030136,-1.363760,-0.382631
7,0.020227,-1.095134,-0.479852
8,0.014361,-0.932930,-0.518020
9,0.030155,-0.947451,-0.153382
10,0.041411,-1.183659,-0.408549
11,0.027917,-0.898864,-0.460023
12,0.020567,-0.780707,-0.436071
13,0.038270,-0.739847,-0.180657
14,0.049883,-0.945412,-0.407494
15,0.035858,-0.747630,-0.387900
16,0.025376,-0.632785,-0.309509
17,0.044440,-0.512607,-0.228622
18,0.060588,-0.717627,-0.376257
19,0.070458,-0.844650,-0.418947
20,0.079853,-1.006743,-0.417068

[K]
landmark,x,y,z
0,0.000000,0.000000,0.000000
1,0.003364,-0.106224,-0.175648
2,0.005100,-0.310182,-0.213172
3,0.004343,-0.497736,-0.219959
4,0.004132,-0.664333,-0.218162
5,0.007231,-0.418631,-0.137904
6,0.007758,-0.649165,-0.226781
7,0.007906,-0.806252,-0.283218
8,0.007725,-0.953654,-0.317462
9,0.002985,-0.423871,-0.085487
10,-0.000573,-0.639347,-0.198340
11,-0.003208,-0.798375,-0.269872
12,-0.005328,-0.939518,-0.302680
13,-0.001307,-0.393594,-0.048872
14,-0.006214,-0.461408,-0.205365
15,-0.004649,-0.282838,-0.236522
16,-0.002462,-0.176945,-0.211192
17,-0.005181,-0.343662,-0.023190
18,-0.008656,-0.367094,-0.159446
19,-0.007540,-0.235652,-0.177920
20,-0.005230,-0.164836,-0.157064

[L]
landmark,x,y,z
0,0.000000,0.000000,0.000000
1,0.015025,-0.091038,-0.307498
2,0.028841,-0.297727,-0.482182
3,0.042797,-0.464521,-0.625426
4,0.055039,-0.556522,-0.764148
5,0.020634,-0.956892,-0.315861
6,0.024569,-1.450864,-0.500570
7,0.024991,-1.789854,-0.609476
8,0.025219,-2.057545,-0.684089
9,0.009741,-0.976546,-0.249768
10,0.004901,-1.287453,-0.521780
11,0.004567,-0.963541,-0.560011
12,0.007015,-0.716645,-0.518005
13,-0.000370,-0.917548,-0.213436
14,-0.005169,-1.120893,-0.488550
15,-0.002875,-0.808910,-0.446086
16,0.001303,-0.610190,-0.342588
17,-0.009198,-0.832162,-0.201755
18,-0.012868,-0.983435,-0.400499
19,-0.010445,-0.751936,-0.375769
20,-0.006055,-0.598991,-0.304425

[M]
landmark,x,y,z
0,0.000000,0.000000,0.000000
1,0.015128,-0.284196,-0.354323
2,0.025232,-0.787309,-0.478195
3,0.018684,-1.153954,-0.556256
4,0.009035,-1.301168,-0.575783
5,0.016876,-1.271237,-0.217751
6,0.011922,-1.602643,-0.600235
7,0.009864,-1.173586,-0.772084
8,0.011479,-0.880957,-0.808776
9,0.003941,-1.233930,-0.135328
10,-0.000980,-1.589169,-0.564776
11,-0.000649,-1.042121,-0.643649
12,0.004092,-0.799766,-0.572278
13,-0.006753,-1.174557,-0.118671
14,-0.012610,-1.462457,-0.519558
15,-0.010234,-0.958179,-0.455922
16,-0.004022,-0.743073,-0.287173
17,-0.017076,-1.088039,-0.130573
18,-0.020695,-1.285868,-0.360186
19,-0.018001,-0.935320,-0.299795
20,-0.012592,-0.768834,-0.175542

[N]
landmark,x,y,z
0,0.000000,0.000000,0.000000
1,0.016000,-0.331971,-0.302238
2,0.018332,-0.730405,-0.444678
3,0.001495,-1.021847,-0.553600
4,-0.012749,-1.212798,-0.626734
5,0.018213,-1.043639,-0.208297
6,0.014535,-1.293909,-0.553862
7,0.009906,-0.982640,-0.747073
8,0.009221,-0.709365,-0.815545
9,0.001570,-1.000412,-0.155756
10,-0.003128,-1.330775,-0.570747
11,-0.003740,-0.978721,-0.722661
12,-0.000042,-0.684032,-0.715357
13,-0.013298,-0.925669,-0.151788
14,-0.018479,-1.022972,-0.544425
15,-0.012579,-0.631396,-0.573275
16,-0.005572,-0.383824,-0.470757
17,-0.026496,-0.823791,-0.167033
18,-0.028642,-0.873720,-0.414806
19,-0.022603,-0.597812,-0.413791
20,-0.016586,-0.451825,-0.336876

[O]
landmark,x,y,z
0,0.000000,0.000000,0.000000
1,-0.012960,-0.123658,-0.410911
2,-0.021624,-0.369251,-0.563010
3,-0.026723,-0.606526,-0.598208
4,-0.026228,-0.774425,-0.592794
5,0.004885,-0.596337,-0.586827
6,-0.005557,-0.962422,-0.620299
7,-0.016091,-0.949258,-0.554696
8,-0.021859,-0.860404,-0.495473
9,0.009394,-0.619982,-0.354005
10,-0.001753,-1.006411,-0.417175
11,-0.013389,-0.957094,-0.381888
12,-0.018623,-0.834421,-0.348000
13,0.009735,-0.625430,-0.126042
14,-0.001293,-0.949343,-0.183458
15,-0.011186,-0.897949,-0.194813
16,-0.015186,-0.790277,-0.194256
17,0.008374,-0.629478,0.081173
18,-0.000370,-0.850576,0.017580
19,-0.007951,-0.841940,-0.025041
20,-0.012116,-0.771703,-0.047966

[P]
landmark,x,y,z
0,0.000000,0.000000,0.000000
1,-0.009398,-0.031895,-0.282313
2,-0.023095,-0.127318,-0.301469
3,-0.034501,-0.187689,-0.249623
4,-0.043391,-0.210934,-0.176875
5,-0.024170,-0.456833,-0.178179
6,-0.043236,-0.471121,-0.228391
7,-0.054911,-0.454866,-0.266258
8,-0.064593,-0.437971,-0.287083
9,-0.025815,-0.363852,-0.031753
10,-0.040003,-0.217472,-0.118242
11,-0.045665,-0.037443,-0.191691
12,-0.048459,0.098386,-0.214474
13,-0.026644,-0.263869,0.090305
14,-0.036246,-0.111656,-0.044284
15,-0.030832,-0.012595,-0.135255
16,-0.026442,0.013294,-0.145064
17,-0.026941,-0.196778,0.196092
18,-0.032807,-0.068715,0.063897
19,-0.028619,0.000942,-0.005239
20,-0.024257,0.018752,-0.011808

[Q]
landmark,x,y,z
0,0.000000,0.000000,0.000000
1,-0.010248,0.042235,-0.447950
2,-0.021693,0.078607,-0.449945
3,-0.030045,0.240403,-0.330068
4,-0.036460,0.365701,-0.159515
5,-0.026750,-0.687642,-0.127123
6,-0.037889,-0.427383,-0.145336
7,-0.043001,-0.189187,-0.191252
8,-0.046848,-0.019602,-0.213617
9,-0.025017,-0.613601,0.148372
10,-0.031123,-0.254085,0.068808
11,-0.026042,-0.099115,-0.023547
12,-0.021154,-0.132276,-0.038915
13,-0.023450,-0.482681,0.378772
14,-0.028507,-0.172244,0.246129
15,-0.023710,-0.057097,0.096033
16,-0.020724,-0.113169,0.057717
17,-0.022317,-0.391048,0.582079
18,-0.025469,-0.145172,0.440485
19,-0.022010,-0.040171,0.323690
20,-0.019103,-0.066679,0.293779

[R]
landmark,x,y,z
0,0.000000,0.000000,0.000000
1,0.001286,-0.120139,-0.149003
2,0.001408,-0.310402,-0.180403
3,0.000733,-0.449883,-0.195125
4,0.000021,-0.559990,-0.195975
5,0.002019,-0.523590,-0.031741
6,0.001804,-0.715957,-0.088444
7,0.001270,-0.842066,-0.130484
8,0.000899,-0.949731,-0.156826
9,0.000880,-0.518984,-0.001428
10,0.001520,-0.744410,-0.071051
11,0.001671,-0.873899,-0.112408
12,0.001622,-0.984889,-0.122680
13,0.000199,-0.467160,0.003392
14,-0.000458,-0.585338,-0.146065
15,-0.000920,-0.429184,-0.182386
16,-0.000086,-0.335787,-0.155344
17,-0.001017,-0.388607,-0.001601
18,-0.001615,-0.467933,-0.134977
19,-0.001879,-0.355211,-0.154443
20,-0.001064,-0.281289,-0.134388

[S]
landmark,x,y,z
0,0.000000,0.000000,0.000000
1,0.005970,-0.261673,-0.239990
2,0.011032,-0.694785,-0.337486
3,0.007967,-1.041277,-0.414347
4,0.002627,-1.097289,-0.436711
5,0.006945,-1.176950,-0.093571
6,0.004618,-1.526140,-0.348327
7,0.004471,-1.143547,-0.470856
8,0.005775,-0.986363,-0.514028
9,0.001826,-1.135644,-0.062174
10,-0.000487,-1.463388,-0.324695
11,0.001008,-1.020883,-0.366777
12,0.002135,-0.932711,-0.328003
13,-0.002446,-1.062607,-0.077623
14,-0.005042,-1.363281,-0.336798
15,-0.003002,-0.954651,-0.250105
16,-0.001533,-0.850718,-0.119285
17,-0.006759,-0.964490,-0.115236
18,-0.008671,-1.181160,-0.241730
19,-0.006756,-0.914251,-0.146860
20,-0.005276,-0.802899,-0.032896

[T]
landmark,x,y,z
0,0.000000,0.000000,0.000000
1,0.016551,-0.360987,-0.339119
2,0.024231,-0.979442,-0.456400
3,0.016995,-1.534692,-0.542731
4,0.011642,-1.974309,-0.580543
5,0.022790,-1.432129,-0.162968
6,0.021825,-1.901393,-0.566043
7,0.016998,-1.559446,-0.765133
8,0.012787,-1.184971,-0.814873
9,0.008213,-1.368224,-0.101328
10,0.002078,-1.677859,-0.563685
11,0.003070,-1.090847,-0.662580
12,0.005463,-0.748545,-0.599355
13,-0.005112,-1.262412,-0.111728
14,-0.011332,-1.449084,-0.578075
15,-0.007060,-0.896544,-0.524590
16,-0.002554,-0.616987,-0.344648
17,-0.017416,-1.106101,-0.144317
18,-0.021064,-1.274598,-0.447490
19,-0.016696,-0.878521,-0.392628
20,-0.013279,-0.683180,-0.254903

[U]
landmark,x,y,z
0,0.000000,0.000000,0.000000
1,0.004222,-0.100268,-0.112977
2,0.005352,-0.279368,-0.146446
3,0.002096,-0.380637,-0.173002
4,-0.001666,-0.408115,-0.193356
5,0.003324,-0.479755,-0.051731
6,0.002854,-0.681553,-0.109991
7,0.002367,-0.809496,-0.150066
8,0.001532,-0.919559,-0.175632
9,-0.000157,-0.481848,-0.045068
10,-0.000397,-0.702084,-0.120953
11,-0.000497,-0.852651,-0.174858
12,-0.000948,-0.978322,-0.197525
13,-0.003580,-0.435907,-0.053807
14,-0.005917,-0.555185,-0.191211
15,-0.004144,-0.413251,-0.229164
16,-0.002681,-0.304447,-0.208973
17,-0.005981,-0.362055,-0.068990
18,-0.007472,-0.451373,-0.184488
19,-0.005863,-0.358604,-0.198541
20,-0.004154,-0.279037,-0.179502

[V]
landmark,x,y,z
0,0.000000,0.000000,0.000000
1,0.005196,-0.097753,-0.110675
2,0.005429,-0.263133,-0.149503
3,-0.000558,-0.352774,-0.179461
4,-0.007015,-0.384773,-0.204186
5,0.005308,-0.478436,-0.067200
6,0.007440,-0.675567,-0.133654
7,0.007713,-0.806320,-0.178720
8,0.007999,-0.916879,-0.206052
9,0.000160,-0.475928,-0.062136
10,-0.001239,-0.691622,-0.143629
11,-0.003137,-0.838951,-0.199634
12,-0.004809,-0.965125,-0.222172
13,-0.004519,-0.418042,-0.070245
14,-0.007487,-0.508479,-0.207025
15,-0.005476,-0.384530,-0.243733
16,-0.003258,-0.295917,-0.223241
17,-0.007910,-0.329161,-0.084228
18,-0.009618,-0.399099,-0.197989
19,-0.007352,-0.314038,-0.206876
20,-0.004743,-0.245007,-0.181280

[W]
landmark,x,y,z
0,0.000000,0.000000,0.000000
1,0.001027,-0.082767,-0.126635
2,0.001063,-0.245379,-0.160334
3,-0.000741,-0.353870,-0.169119
4,-0.001914,-0.402505,-0.178019
5,0.004250,-0.471865,-0.088343
6,0.005395,-0.676019,-0.134453
7,0.005749,-0.803064,-0.176334
8,0.006249,-0.917302,-0.209534
9,0.003201,-0.489764,-0.069932
10,0.004023,-0.713239,-0.109986
11,0.003835,-0.854715,-0.157183
12,0.003301,-0.976240,-0.189073
13,0.001600,-0.455695,-0.065336
14,0.001357,-0.657376,-0.145699
15,0.000811,-0.785308,-0.222584
16,0.000468,-0.906498,-0.268963
17,-0.000013,-0.372635,-0.068458
18,-0.001030,-0.473657,-0.162418
19,-0.001524,-0.415184,-0.193601
20,-0.001798,-0.347622,-0.205271

[X]
landmark,x,y,z
0,0.000000,0.000000,0.000000
1,-0.012907,-0.092291,-0.458010
2,-0.028561,-0.308302,-0.506885
3,-0.043316,-0.444583,-0.431225
4,-0.050917,-0.561461,-0.293699
5,-0.014633,-1.065776,-0.295748
6,-0.021302,-1.606013,-0.367598
7,-0.032356,-1.613419,-0.365848
8,-0.040174,-1.464620,-0.331533
9,-0.015789,-0.978133,-0.030890
10,-0.035772,-1.062886,-0.121743
11,-0.040548,-0.739007,-0.129388
12,-0.036756,-0.549170,-0.086070
13,-0.017222,-0.844398,0.188221
14,-0.035925,-0.866156,0.027490
15,-0.037381,-0.624420,-0.057328
16,-0.032644,-0.532802,-0.046831
17,-0.018470,-0.733970,0.382125
18,-0.032430,-0.731183,0.206884
19,-0.034867,-0.564586,0.116039
20,-0.031508,-0.470272,0.113397

[Y]
landmark,x,y,z
0,0.000000,0.000000,0.000000
1,-0.000197,-0.380408,-0.194886
2,0.002126,-0.936138,-0.290984
3,0.004029,-1.402871,-0.408159
4,0.001875,-1.711324,-0.481190
5,0.004607,-1.401065,-0.086218
6,-0.000656,-1.769655,-0.380765
7,-0.001869,-1.322319,-0.511015
8,-0.000805,-0.987602,-0.527563
9,0.005397,-1.333439,-0.097610
10,0.000260,-1.652346,-0.479283
11,-0.001001,-1.142931,-0.590565
12,-0.000043,-0.816665,-0.567706
13,0.006560,-1.220749,-0.154741
14,0.002456,-1.561507,-0.512523
15,0.000089,-1.120371,-0.511988
16,0.000686,-0.807300,-0.394969
17,0.007562,-1.088341,-0.226917
18,0.009920,-1.554873,-0.406307
19,0.010188,-1.849087,-0.429331
20,0.009709,-2.155543,-0.393772

[Z]
landmark,x,y,z
0,0.000000,0.000000,0.000000
1,0.002686,-0.402798,-0.370571
2,0.001234,-0.904794,-0.469536
3,-0.003977,-1.056148,-0.508479
4,-0.008734,-0.969020,-0.514041
5,-0.004738,-1.298642,-0.256112
6,-0.010938,-1.682250,-0.501295
7,-0.014807,-1.860740,-0.645964
8,-0.018234,-2.024599,-0.740358
9,-0.007919,-1.005127,-0.182694
10,-0.013160,-1.039070,-0.550778
11,-0.008736,-0.728011,-0.638454
12,-0.005518,-0.650148,-0.601454
13,-0.010241,-0.714605,-0.158311
14,-0.015402,-0.686539,-0.556249
15,-0.010470,-0.443367,-0.534882
16,-0.006742,-0.435927,-0.409057
17,-0.011987,-0.425936,-0.163303
18,-0.015587,-0.376370,-0.456690
19,-0.011808,-0.243058,-0.445589
20,-0.008628,-0.254011,-0.360616
